     P  O  L  I  T  E  C  H  N  I  K  A
 [0, 0, 0, 0, 0, 0, 0, 0, 0, 0, 0, 0, 0],
T[0, 0, 0, 0, 0, 0, 0, 0, 0, 0, 0, 0, 0],
O[0, 0, 0, 0, 0, 0, 0, 0, 0, 0, 0, 0, 0],
A[0, 0, 0, 0, 0, 0, 0, 0, 0, 0, 0, 0, 0],
L[0, 0, 0, 0, 0, 0, 0, 0, 0, 0, 0, 0, 0],
E[0, 0, 0, 0, 0, 0, 0, 0, 0, 0, 0, 0, 0],
T[0, 0, 0, 0, 0, 0, 0, 0, 0, 0, 0, 0, 0],
A[0, 0, 0, 0, 0, 0, 0, 0, 0, 0, 0, 0, 0]]



     P  O  L  I  T  E  C  H  N  I  K  A
 [0, 0, 0, 0, 0, 0, 0, 0, 0, 0, 0, 0, 0],
T[0, 0, 0, 0, 0, 1, 1, 1, 1, 1, 1, 1, 1],
O[0, 0, 1, 1, 1, 1, 1, 1, 1, 1, 1, 1, 1],
A[0, 0, 1, 1, 1, 1, 1, 1, 1, 1, 1, 1, 2],
L[0, 0, 1, 2, 2, 2, 2, 2, 2, 2, 2, 2, 2],
E[0, 0, 1, 2, 2, 2, 3, 3, 3, 3, 3, 3, 3],
T[0, 0, 1, 2, 2, 3, 3, 3, 3, 3, 3, 3, 3],
A[0, 0, 1, 2, 2, 3, 3, 3, 3, 3, 3, 3, 4]]
